Intensidade(s):
a0 = 2.3000000000000496
a1 = 3.6999999999999615
a2 = 0.30000000000004867
a3 = 4.1999999999999496

Erro quadratico: 1.5499605530411918e-14