Intensidade(s):
a0 = 1.0072811320381456
a1 = 4.992443521935543
a2 = 1.9858733479945263
a3 = 1.5132625788409024
a4 = 2.192691490272952
a5 = 3.095153306372225
a6 = 0.6523264491115244
a7 = 1.2537899951697167
a8 = 3.8796670512795735
a9 = 0.5297366283025545

Erro quadratico: 0.0037812111602405283