Intensidade(s):
a0 = 1.2091231792041466
a1 = 4.839258715747438
a2 = 1.8872408557555072
a3 = 1.5833999318648742
a4 = 2.2145040462885293
a5 = 3.1212947787756202
a6 = 0.37734028637430606
a7 = 1.4923482881207946
a8 = 3.9751388015992326
a9 = 0.4041451536483273

Erro quadratico: 0.024549488271207266