Intensidade(s):
a0 = 0.9999999999947722
a1 = 5.000000000013268
a2 = 2.0000000000170433
a3 = 1.5000000000469047
a4 = 2.2000000000534454
a5 = 3.1000000000343944
a6 = 0.6000000000214227
a7 = 1.3000000000224041
a8 = 3.900000000022929
a9 = 0.5000000000074768

Erro quadratico: 2.5628692810456046e-12