Intensidade(s):
a0 = 0.9999999994974251
a1 = 5.000000001346006
a2 = 1.999999991242201
a3 = 1.5000000121757147
a4 = 2.1999999921992055
a5 = 3.100000004782977
a6 = 0.5999999977690007
a7 = 1.300000001217759
a8 = 3.899999999950573
a9 = 0.5000000000401839

Erro quadratico: 3.6214249335228157e-06