Intensidade(s):
a0 = 0.9999999994982387
a1 = 5.000000001343998
a2 = 1.9999999912465585
a3 = 1.5000000121718262
a4 = 2.19999999220049
a5 = 3.100000004781805
a6 = 0.5999999977728503
a7 = 1.3000000012140376
a8 = 3.899999999951547
a9 = 0.5000000000396871

Erro quadratico: 3.6214249336726046e-06