Intensidade(s):
a0 = 0.904501034318792
a1 = 5.077572635559471
a2 = 2.1008535954811185
a3 = 1.4141556850867802
a4 = 2.2292450130542063
a5 = 3.10461385699006
a6 = 0.509452597394451
a7 = 1.3865087904549664
a8 = 3.94987864615312
a9 = 0.4148931283302513

Erro quadratico: 0.012387682414980472