Intensidade(s):
a0 = 0.9286879954013925
a1 = 5.053708843340618
a2 = 2.0436941884397672
a3 = 1.4676790342377668
a4 = 2.1967606230339065
a5 = 3.0911320376802847
a6 = 0.6375871217823657
a7 = 1.2716874217329952
a8 = 3.8780948557448465
a9 = 0.5305567847606538

Erro quadratico: 0.00848504190377574