Intensidade(s):
a0 = 1.0729881673893633
a1 = 4.9408225387772085
a2 = 1.9655148921169356
a3 = 1.5245601336553776
a4 = 2.210970424686664
a5 = 3.0637753778394687
a6 = 0.7611281280683329
a7 = 1.1572746890322403
a8 = 3.915092358650008
a9 = 0.4935130224153365

Erro quadratico: 0.10555015880944923