Intensidade(s):
a0 = 1.2046927650712487
a1 = 4.769597419108453
a2 = 1.8829152628819643
a3 = 1.7338437202982764
a4 = 2.0069136713108247
a5 = 3.2772956945725347
a6 = 0.4425671528787132
a7 = 1.3400385286258274
a8 = 4.0239788258021045
a9 = 0.42124517009434365

Erro quadratico: 0.09747232473795191