Intensidade(s):
a0 = 0.9659652994290262
a1 = 5.05838922823357
a2 = 1.9375208395306034
a3 = 1.5389506369424133
a4 = 2.2109012283501555
a5 = 3.0594758696667244
a6 = 0.681035185710432
a7 = 1.2469564465416578
a8 = 3.918361544223834
a9 = 0.48273808900082815

Erro quadratico: 0.10247095936636426