Intensidade(s):
a0 = 0.8372893380522903
a1 = 5.194408471146296
a2 = 2.069683839298919
a3 = 1.3788969365607349
a4 = 2.1954173674055353
a5 = 3.22905559970177
a6 = 0.3696217284377943
a7 = 1.453260447050182
a8 = 3.99355477612961
a9 = 0.3612296787245346

Erro quadratico: 0.09942841368817505