Intensidade(s):
a0 = 0.9878150919591802
a1 = 5.012869427378172
a2 = 1.9030142215216879
a3 = 1.608617522686563
a4 = 2.1390656582477465
a5 = 3.198746824938859
a6 = 0.6095266288152521
a7 = 1.196061625298448
a8 = 3.928029087144553
a9 = 0.5088711530737177

Erro quadratico: 0.09944421369275477